Sphinx--Snark: -8
KQR-------K
KQRIKAAKABK

[0, 4, 8, 12, 16, 20, 24, 28, 32, 36, 40, 44]
[4, -5, -1, 3, 7, 11, 15, 19, 23, 27, 31, 35]
[8, -1, -10, -6, -2, 2, 6, 10, 14, 18, 22, 26]
[12, 3, -6, -15, -11, -7, -3, 1, 5, 9, 13, 17]
[16, 7, -2, -11, -12, -16, -12, -8, -4, 0, 4, 8]

Sphinx--Bandersnatch: 5
KQRK
K-AK
        K   A   K
  [0,   4,  8,  12]
K [4,  -5, -1,  3]
R [8,  -1, -4, -2]
Q [12,  3,  0, -6]
K [16,  7,  4, -5]

Snark--Bandersnatch: -18
KQRIKAAKABK
-------KA-K

[0, 4, 8, 12, 16, 20, 24, 28, 32, 36, 40, 44]
[4, -5, -1, 3, 7, 11, 15, 19, 23, 27, 31, 35]
[8, -1, -4, 0, 4, 8, 7, 11, 15, 19, 23, 27]
[12, 3, -2, -6, -2, -1, 3, 7, 6, 10, 14, 18]